100
0 8 8229 1775 9794 8048 4536 729 1457 936 7532 2513 8303 1028 9851 5123 4492 3223 2932 8769 8375 3217 4110 5643 7098 4188 5512 1899 6801 5540 6607 8391 8188 9046 7972 9233 4308 2734 9884 1557 7740 57 7837 5121 7485 7048 258 9868 8898 8510 4176 3336 814 2619 97 9159 776 7954 4509 4884 422 1683 4023 1265 6162 4413 5681 1150 6357 3667 272 9925 9224 9384 3370 1203 612 7444 1343 2895 6814 313 1176 6231 603 5896 5652 7536 5927 4521 8067 8461 3536 5695 4119 573 3387 7721 9353 6541 5311 4419 3848 3976 1463 8224
1 647 6530 4664 6437 9913 3123 1268 7143 9277 9893 2812 352 6463 4018 164 3656 1002 3446 3052 2864 8305 4231 9000 7254 3699 9041 675 4070 4059 6872 1482 9895 1262 1081 2241 2438 9479 9964 3463 8895 6179 7552 4252 8389 7647 4118 1539 3091 8721 6116 1955 3216 6256 1725 1464 3828 8351 1545 9425 4358 2738 3977 5301 42 633 3391 1895 5387 6238 515 7016 586 1768 3106 6061 8531 8462 5310 2083 6868 625 6452 2285 4322 7114 6917 2167 5368 2622 5295 9318 9515 453 218 3173 2368 7738 2074 5423 1589 44 3745 3187 5904
2 8412 264 9285 8603 9214 2311 5457 5360 1507 6859 8120 9672 420 7464 4582 3903 8171 7958 7911 8978 109 2339 2577 6312 9555 4317 74 8998 168 1859 3411 598 4381 5008 7907 8974 9035 1567 7309 5559 5276 3142 5015 8216 3269 3229 901 2162 3722 4588 6431 5133 9739 39 8678 3537 6932 4437 3467 5922 7183 9559 9201 9775 8697 2586 4956 159 8243 9698 8235 7556 8770 2050 9828 6540 1172 2530 5602 5147 1230 1055 7651 2606 1797 2054 1691 1824 3633 2128 4459 2257 1973 9603
3 8719 2899 3679 9167 2628 6999 7132 9154 3638 4983 6325 9429 7691 1386 9289 6138 7714 3130 9240 2256 971 1441 4254 8037 360 5401 4711 3062 5980 150 1560 6992 6449 1327 5464 3927 1505 8051 8148 5878 6266 1538 8729 3607 7759 7279 7673 392 6697 8791 8988 8003 3262 334 9549 2457 7808 4255 5225 1876 5976 5200 3648 3559 8878 5637 4417 731 4325 1764 5269 9287 2109 4728 2955 2011 4339 7748 6906 6227 9016 9789 1149 7892 2376 176 7886 8189 6123 8580 4700 2336 7395 6515 8185 7594 1705 3146 4391 7641 3382 8074
4 6205 2716 4947 2385 4501 7543 3523 2844 4991 6961 3404 300 9798 2850 2662 3645 5585 120 5246 1580 4473 1277 9566 6706 3311 4440 9940 6560 7433 5792 3822 5322 1345 3361 4040 8484 2271 1934 3583 4568 6687 7648 4102 8548 5108 9883 5975 4952 2194 7316 2042 393 536 2112 4058 3073 2105 2576 6941 1228 8105 5924 9273 5935 1637 7942 3805 7010 4197 1961 7296 2808 682 1273 6699 198 8344 8541 1115 4858 7517 3928 8420 6480 5847 1907 893 2863 3254 2393 29 1037 643 413 3860 7003 1290 9199 3600
5 1337 5395 6806 3103 3711 2135 3032 9628 8219 8313 1478 8280 9735 6776 1260 6194 920 6935 5771 6700 6794 7764 1154 8623 9483 7349 9774 3591 5641 8884 5929 796 5064 5852 2796 6956 4531 9447 8715 3306 8034 7380 7909 9460 8587 5022 3145 6055 4798 6447 5353 8505 2792 9047 2261 7982 1677 1998 8696 3941 8275 7559 7656 761 2905 286 4384 3449 7586 7783 6155 7839 9673 1331 8797 6630 5208 3147 7136 1422 6680 1113 3538 765 9236 7306 9867 5158 7325 9921 304 4638 698 6411 2885 1309 4763 4850 3756 8914
6 386 4190 4284 9941 9553 7522 7139 8321 1229 9767 2486 8460 5111 4520 3125 9915 7195 7308 19 963 8348 9315 4465 1707 8927 4445 5221 4838 9203 3135 613 9872 4878 7788 5751 1871 2034 967 7175 5304 609 8292 4746 1243 6759 3279 5316 4407 5786 3403 8944 4807 7487 6183 169 3324 3906 5679 2107 1319 3282 5315 4442 1136 1924 5470 6222 6616 9132 3389 3680 4647 7996 9711 6756 9614 2728 9712 1317 8212 6916 8318 2766 1893 9405 7632 5628 9898 6601 1479 8005 5370 2703 4082 868 4414 7 4902 8054 5394 5901 4740
7 5647 9971 8614 6679 8619 916 2080 1903 2749 2746 5707 5662 4162 9594 2440 7775 8957 3022 5386 6575 6469 1408 3575 7713 6394 8625 7334 9274 4615 6782 541 1118 6744 4596 1007 6214 2722 4953 1013 9269 6468 4104 1036 8522 2732 986 1986 1898 7685 4375 9710 5388 1217 8783 8980 6682 183 1759 8040 2989 329 6633 2333 5879 3206 9116 6085 3272 908 4921 6638 8017 6421 9573 6156 4580 1791 5731 2567 7974 2025 8673 6054 4084 6761 9717 4634 9607 1459 9122 9910 4136 3348 5397 1624 323 867 7939 6847 4510 7425 8497 4334 3281 3533 6147
8 3204 6991 8362 2497 5892 6637 4222 9654 6760 1910 5693 1944 8249 3011 1803 6345 1739 5218 8419 8904 5412 5500 2008 5660 4302 8032 8814 1248 2798 5029 4759 3886 3725 4598 7217 3772 2414 8143 1585 6726 6097 37 9723 3942 5822 4976 9341 6722 7232 3546 6141 6626 5858 1578 1860 8330 6196 1932 2223 6303 3684 9454 532 9165 9684 6230 2301 441 6164 7729 5238 9161 6559 3746 60 2193 4182 5274 7082 4533 3340 6366 2098 1474 2340 494 4138 475 337 7527 6766 758
9 1125 349 7236 242 3035 7821 3864 1667 8832 8790 6268 8744 3621 4433 4950 2799 2517 3196 4974 2064 368 3717 4958 8644 6174 2585 2811 3781 1744 95 6570 8995 9267 3156 3447 7230 3275 2305 3040 5863 7179 5045 9374 9253 7937 5706 4725 9894 6459 9066 7468 4946 6608 4571 9013 186 2923 6415 6027 4378 1885 7922 9862 5109 7450 8309 8794 1054 5516 6387 5655 1058 832 2985 172 6248 8781 1991 9902 9550 132 5339 5588 5324 9786 6572 8184 1879 4067 3319 8557 2613 4613 7392 1766 4237
10 2129 6041 117 3027 3310 1470 8050 290 6983 7726 9472 9569 2666 9747 8025 834 5487 3419 4971 3983 2819 2529 6665 2708 5521 4494 808 9476 4141 4335 6168 3743 528 8424 3771 473 1971 3287 5389 1606 1300 3603 1180 5442 1659 3720 7626 9469 9760 5135 1643 4418 4127 8880 5166 1383 1674 6338 7696 1294 2555 3088 3379 7850 8479 3241 5656 7570 6749 8739 8444 9722 9819 9982 1908 2398 1490 8481 6798 6507 5267 4669 9156 6634 4635 9388 6464 4914 23 6254 8996 6790 8536 2928 196 7161 7416
11 929 5003 7227 243 1812 9237 965 7949 9596 7055 4727 9539 6066 7521 9262 7807 471 6291 9007 103 1137 361 9127 7187 5635 9255 7606 4160 1250 6092 217 4044 6817 7205 6131 3807 4794 8092 7191 13 1628 9759 4909 3551 447 4751 7882 9531 8241 812 953 8519 5900 6385 3162 2388 8693 7044 3704 6420 4336 941 539 1315 1843 4753 1746 7178 5052 3312 4702 2111 7640 5674 9280 8686 6552 8086 8742 9738 4791 2076 1571 1925 9416 4706 9042 9800 8950 7212 7220 9886 8935 1530
12 7484 3918 3819 9833 4063 7964 9522 501 7125 3422 978 4828 6820 9150 5076 3294 1160 2788 7039 5817 1064 9390 4346 5963 7806 417 3141 1073 8930 3345 4218 4703 3768 8928 8831 1653 7800 7218 1107 4114 6676 9004 6462 9954 214 1184 4526 7245 7333 6848 2252 8848 21 5871 5677 8296 8102 5165 5650 1651 2621 5531 6792 9585 3765 8335 5680 3740 828 149 1232 4679 3950 462 5991 1032 9906 5347 4431 2006 4585 6702 2143 7785 7778 9426 8918 4885 1128 6257 3371 0 2165
13 4181 8449 107 6606 4360 3390 3784 9501 1196 2845 8817 5228 9302 3870 4399 843 1716 6336 1162 9575 3271 6520 6326 8867 6094 4154 4942 9198 2851 1008 4874 7978 3505 2341 9616 4498 961 7363 2592 5716 397 6976 6879 9490 4342 4327 3377 5938 5899 6966 4315 51 2021 7253 4052 6689 9599 9495 7131 9764 1047 1435 7668 4426 2062 4489 2663 2860 1181 7042 9012 8938 6707 6354 4026 5405 7966 1240 4195 2315 7043 1283 3320 7457 733 7825 1897 6237 6108 1 7078 3138 8454 2493 3675 7812 2369 2674 8113 2675
14 7724 2292 8356 8297 9882 2362 5466 2702 1987 5856 7117 7699 4692 6067 3227 7955 7786 7799 8101 5773 2572 6316 4543 2650 2039 7083 2712 7412 7994 2281 4503 7413 4865 3801 7875 3738 1533 7989 2169 3154 2760 2395 6729 7730 5169 8208 9784 4575 889 2859 3844 121 9336 4017 3710 1625 5959 9870 2834 2625 6311 8147 9329 2138 6212 1071 4006 5461 2069 8373 5615 4370 7128 5701 3191 4802 7849 9860 5768 8329 8969 7984 1164 5104 2522 1358 4845 4451 9092 1355 4233 3796 4781 6870 5803 8301 268 4527 5201 5373
15 1548 3197 288 9734 4614 4934 3316 2984 6767 3566 7211 5950 2929 1760 7870 7385 3359 3747 5530 9076 5136 3008 6846 683 1012 7123 6504 2451 3873 6279 653 3608 1311 9753 7192 3933 4106 9926 6822 5587 640 311 5552 1792 3152 3349 1329 844 4784 5992 9571 1811 162 5793 4020 3465 2453 6590 1554 5944 8951 1823 5618 9110 245 9307 2349 3614 873 6052 2140 1943 3304 9411 9608 9415 185 6686 2988 1018 2178 4345 3961 2582 5028 3116 1146 949 9814 2131 4760 6133 9088 6618 7997 6038 9387 9106 525 8014 9780 8591 3009 6378 2137
16 8392 344 3904 2837 3824 6362 1900 8994 129 523 9770 5114 7945 8865 3530 4427 3816 4666 3420 8173 492 783 6696 6499 1045 8891 5601 6474 7627 142 5740 1630 660 2711 2614 7558 9984 4261 2127 6365 1524 7745 3468 8984 4050 6805 7396 2966 9465 411 2381 5357 2835 507 9468 9271 7135 3737 3252 5025 6453 3587 4595 5450 4859 6307 6898 8516 1621 3959 9261 5478 8059 179 7862 1688 3067 9568 5431 4008 4829 1874 870 5204 2058 8020 1618 1041 8012 9391 665 4303 152 3350 5911 4959 1807 1736 948 20 7753 1148 1762 1948 4265 5488 558 982
17 9993 1389 6918 3050 1485 5526 9098 7061 7934 9897 7344 9808 877 9316 489 7473 3932 8743 9907 6957 8024 923 9459 3845 7370 5777 1500 5068 6839 5993 7091 7382 5472 3047 1101 5951 7684 5884 2489 2876 3160 4219 9350 2118 6386 7293 7271 8047 1936 8227 3474 7439 5014 7148 9635 9400 9493 7844 5788 4430 4600 3616 2762 9534 3908 8666 5438 9674 8647 8354 2825 7156 815 6807 8747 7292 251 3646 3064 521 3431 1297 4374 5855 1930 1251 7064 6191 5797 3079 4545 449 6172 4989
18 4861 3985 7688 3748 7547 1179 8095 1594 4552 4771 3220 8264 8167 2509 3418 9335 7366 6408 8958 8394 1742 66 2824 5886 9737 5319 6304 372 8055 4715 738 5663 6004 7508 4750 5956 3001 3628 279 6977 7067 7095 4185 5162 4095 8858 6768 4207 1724 952 8177 5918 6620 8463 2088 7407 6841 4248 938 9480 9874 5934 4752 8355 81 6582 1607 3644 4924 8864 30 2552 8174 1287 4435 2268 2689 4243 6804 945 3506 1192 8176 3542 913 2687 5465 3101 6450 4705 2873 2595 5550 3383 5518 7501 2379 32 1793 8622 7969 3209 3770 8512 3782
19 5482 4415 9944 1402 909 1752 6993 3503 5152 7708 3925 3568 4239 3398 8234 7341 5371 8458 9128 8255 4193 7976 151 5486 8125 7415 7318 2075 430 36 8467 610 2044 9892 4266 2326 9024 175 9346 2847 4496 7348 4056 1019 1750 9433 1556 2882 715 4434 848 2775 6558 1633 9144 1772 2277 5908 3256 6211 1512 2103 8663 486 1840 744 2171 4716 973 2002 7912 5979 3024 3221 3466 8194 4076 2786 8893 4756 4863 8377 7898 8360 6390 1861 9790 2328 3313 4477 734 2120 9694 1131 9379 1773 2990 6197 9866 6177
20 5331 3625 194 4351 277 2236 9026 7056 1777 3803 5229 1496 9377 6467 4139 4724 2085 6838 6644 569 1264 1555 466 3238 5027 3572 1784 7992 4597 7895 8645 9324 2051 3641 9157 317 6622 9891 8118 3776 6337 1836 113 5547 7621 8398 3473 4873 4282 896 531 1122 5575 3732 543 1610 5608 5787 6834 9707 6483 2672 7223 5865 8820 7387 5506 753 4547 3889 4969 3842 8964 3416 2569 1546 9337 9731 5054 8061 7658 9825 6400 3826 7963 1377 8469 5604 1726 7833 8036 7051 7378 7338 2413 4466 3332 3491 6070 2977 6938 3846 2190 9386
21 3445 341 8399 7456 2695 5098 8254 2100 6853 7047 7528 641 8703 3815 6725 4157 5379 4506 5864 2248 1666 5449 1799 2222 530 4410 4087 3893 6611 9715 694 4120 2568 6239 881 2239 5925 9223 9360 7057 4729 8124 6945 6363 7858 3396 5232 5620 5814 9044 2739 6619 6949 6561 6534 7504 9330 1175 6025 6920 2721 7374 4140 2833 2195 3650 5802 1372 3118 8259 1178 22 1089 2854 5182 550 5264 1093 9726 8133 6193 1646 3948 2700 6523 866 5818 3393 8923 7816 2380 1070 1167 7141 1039 2212 915
22 9049 8939 3863 197 2428 2829 6353 8099 3346 138 6781 9131 2535 9519 27 2840 2052 2565 1660 8533 6306 7793 130 4745 950 853 9578 5493 255 1225 7239 6594 7675 8451 400 4086 1467 5407 5688 2962 937 3653 9835 182 4694 1234 5256 2887 1529 678 5094 6779 4936 9811 1384 5048 2235 2914 2717 9510 6161 4045 1308 5445 4443 7398 9709 6754 4762 7284 1060 3222 9526 8071 1715 1133 5789 9951 92 2124 8886 2976 1684 8579 5759 439 2282 8586 4449 1982 3943 4986 8138 3635 4817 1271 2383 2539
23 61 5372 484 7662 1085 4 788 6428 3613 4318 2861 145 9347 3818 807 7130 146 2007 1299 3829 7321 3043 5823 6301 6506 2626 6589 8328 9503 7563 1442 3188 5907 6974 9983 1835 8043 6270 2099 9889 6106 4748 8646 5010 2942 2651 1595 1692 2371 8569 8084 1488 9927 809 7890 6454 4999 8989 259 3169 5129 5226 9143 7389 114 2345 1278 803 8854 4101 8999 9478 4797 5998 1969 9679 9432 6944 7097 1211 4277 7731 161 1563 7568 6042 8842 8846 8372 4629 1848 6488
24 6656 3225 8366 7988 7471 5919 2183 8513 5700 6 2403 8605 2972 256 6564 4915 1006 8669 7602 2570 5286 6988 1395 8821 8826 9020 5237 7546 7643 1532 8322 9001 9818 9139 6714 6904 8970 725 510 9919 3671 6775 2692 7445 3727 3409 8908 5947 8081 9136 112 791 4877 8206 58 8202 2188 1257 8532 846 2869 7525 1789 6057 4481 2056 3850 8718 570 4493 5172 8082 5261 7999 6310 577 8421 9795 4709 7328 755 7031 5867 202 3518 7242 7258 8325 9257 4795 3136 5060 5739 2366 5906
25 7049 379 1446 9809 701 2374 4146 1430 7541 1237 1997 9234 2386 1916 561 5683 5207 1306 8096 9589 6573 463 6176 7961 5439 7337 644 7362 3288 8106 831 7635 2091 2879 5861 276 5004 8304 4167 2581 6546 435 8628 5279 35 4820 7184 7924 8756 7180 3033 9293 5510 1570 7906 8300 4996 5287 9621 49 3989 177 3329 2533 3115 9025 7400 505 1884 2230 9990 4474 4559 5544 5164 7725 8851 1084 7979 4126 1313 9292 4367 4170 2890 2102 3659 1076 2229 2032 850 3330 2748 9446 847 9554 9345 6629 5523 4538 5146 5842 9213 3861 6823 7652 2991
26 63 4484 895 2447 9431 1996 8649 8248 7375 3010 3360 3457 5948 128 957 9359 899 4966 4778 5352 2442 6322 1913 8634 9701 5142 1844 8401 3183 79 7087 4191 3512 9633 806 1326 339 1732 8716 180 2527 684 1741 1838 5820 3940 9251 9445 3237 8182 8764 5033 7498 2939 495 6315 655 9579 2543 5889 2494 1066 5916 7162 8326 5138 7369 9642 9351 9933 3277 8418 6210 5126 5834 6513 3773 3764 8610 93 4796 4206 1706 1938 7735 7404 7327 686 1466 2637 6226 9574 5962 6059 1901 5994
27 6429 1720 3296 9801 7590 7393 2958 4621 5424 3265 9085 7865 1758 8523 193 6595 2327 4047 7199 5312 7737 3236 4109 5882 4982 2618 8688 2868 8397 6748 7270 7314 1995 9678 6247 5262 9194 76 4776 5358 8753 6642 1190 8228 7355 1729 7743 2580 8400 4717 2594 363 3855 1954 1619 5887 1671 8558 7491 9658 8214 2304 3557 7694 2506 4949 7665 3057 5815 6012 8142 4403 1376 8862 9716 5776 260 5720 502 1649 8342 5978 1841 4205 1447 9409 2608 2334 3657 5233 327 6341 5561 7742 6287 2238 3286 6359 6678 5484 1751
28 3759 8221 3248 493 3054 1940 5013 9129 5928 2973 3697 8819 8307 6367 8211 6465 3355 7526 8675 5775 8230 7080 2521 4312 7077 9966 4825 3758 5795 6780 3825 4633 9842 7611 4132 1374 702 1062 771 3606 7680 7874 3982 1460 7460 1029 1226 5259 6835 9593 4833 7888 1598 5090 8636 4732 8127 4062 7273 3414 7354 4078 7200 5939 620 697 8166 9339 9252 1104 6771 270 4094 8822 8471 6698 1920 1723 6529 2920 4117 5281 9477 4444 7171 2975 1520 732 4680 7510 8692 3176 4103 5088 6774 2960 9639 8260 3175 2387 2260 720
29 6305 5638 3664 2694 5672 8327 5417 4004 1428 3174 6175 5568 9254 7867 786 6295 1445 6107 6577 2017 562 5495 9278 9217 861 7166 5032 5231 6395 1933 7449 2130 9517 1440 6292 2954 9561 5875 7524 5 367 8247 4283 4677 7581 5808 2925 3108 8427 3502 2041 6243 989 8672 3268 4844 9434 4002 5224 3902 8236 3561 3167 8217 4671 1620 3787 8019 6071 3597 3400 3888 5664 9932 8750 6925 9228 7676 3630 1096 3857 1044 3802 8117 4682 7617 7073 2936 9858 8299 616 9239 1753 6143 6931 7968 3493 3487
30 664 9394 4471 6120 6508 1575 1152 4963 3508 464 5605 1968 9488 5191 3476 5897 8128 4957 6800 3233 5806 1650 4326 7193 1373 4608 9652 6645 6396 8464 8949 2353 7029 45 7805 402 111 5931 261 7251 3274 7768 4470 2945 3931 2615 5428 6438 9542 766 3676 3774 1737 2998 8901 3637 8816 9592 8525 5227 7278 8442 9034 6737 9938 8186 5082 6158 9188 2883 9950 4712 8704 443 3618 3260 2359 903 9817 308 3494 3576 8986 6213 3553 53 9692 2354 7878 6783 189 366 5569 871
31 7386 3814 4202 289 3338 4696 6282 6971 4352 3030 7329 1218 1024 6165 1800 4516 307 404 2849 8630 9309 7295 7755 5718 9792 73 5898 1809 451 3325 1346 9195 2405 2904 7172 9244 5954 8432 1351 5813 7070 6973 5130 584 778 1246 8511 3341 4507 6738 8361 9428 2630 7868 6531 2554 6240 7598 4812 6267 7819 5112 2396 6828 7313 2463 8310 6079 8979 9924 3549 3362 743 2741 9899 8153 6064 1846 2848 5197 5280 818 7168 3482 2512 5211 3795 7037 5591 34 7274 1761 7746 7186 6111
32 6658 5785 5278 3432 4121 6740 2758 4019 6142 4590 2456 4396 7202 1673 24 6436 4458 2227 1168 6406 7678 9230 6862 3661 7567 4234 5689 645 7574 2780 6350 9551 1368 204 2967 348 8959 6631 423 1815 1862 7876 7326 1215 9300 6331 3615 7006 7275 8633 3957 3181 7670 7323 9069 4080 394 8072 4289 4514 2765 3929 2468 9646 1634 5265 8213 1790 6968 3839 7137 2269 5599 1889 4557 4073 6129 7854 94 7757 1945 3521 9050 8804 6182 480 3485 984 1120 6516 6335 9301 5704 632 6511
33 4537 9290 4637 2558 6829 1424 7860 7299 5113 8314 166 5630 5827 780 6672 5737 450 2753 1140 4244 9094 229 8237 2902 446 8788 3100 11 8667 4642 8134 7564 1407 7615 6132 2547 9785 1831 666 5097 8201 1102 491 8154 7957 3589 2801 8514 2761 8868 5283 3707 8824 3683 9002 1161 3877 4658 5378 2997 2652 5659 3580 6535 4744 4941 3892 9014 2922 2445 869 9332 7534 5504 7196 5007 2249 3261 9618 6223 3342 1484 2504 6641 6318 8689 5779 6370 6192 676 9839 2550 5051 6403 4075 934 9011 3713 9126 6649 6660 8954 8566 2150 8489
34 9849 1704 6139 7851 2352 5736 2908 3199 75 3082 398 548 9807 4241 1202 2601 8559 2900 5034 6510 8874 9988 4275 9099 8114 1984 2251 9535 8856 7915 5001 6380 3352 9172 3334 3055 5616 6547 2578 1026 7913 2791 2215 5708 7357 6444 9005 4892 7899 2919 8140 4200 1568 9462 2000 7529 6741 1009 342 9266 6293 1734 3480 5056 5960 9900 1194 4783 6753 1531 8735 6795 3643 1279 3785 9799 1695 3862 425 4890 8239 1357 763 5294 8835 9032 5835 8498 6528 8343 7973 1866 3177 3571 4822 6136 9281 7831 8085
35 4898 4401 3226 8621 1195 9689 5074 2907 1970 7364 80 7667 5038 2324 6894 3208 201 3353 6505 8492 7478 1129 2705 619 7809 3475 5592 4622 3652 8709 1223 8757 5999 524 5252 1214 849 2498 8706 2472 3636 4994 7904 2346 3510 2525 5243 3610 7102 987 199 17 6419 4343 3752 403 269 3084 3005 2020 1647 1253 5050 1267 1603 6134 7319 141 5564 1005 5467 651 263 278 1263 9687 7126 8982 9758 3454 947 6921 9482 6727 222 8855 478 1069 6201 140 2660 6046 136 1778 8544 467 7802 3459 6414 4624 6149 8853 1328 4177 4904 5866 624 2214 8165
36 2357 7440 7537 2364 672 804 8681 3464 2688 9181 8926 9508 8093 3335 716 4208 985 7315 8091 5153 8929 2624 4088 6610 7002 3122 4221 1699 2435 7770 273 6869 5762 2546 1183 6324 5648 8267 5066 2781 8892 2086 4220 8585 6410 8620 7262 6881 4262 3193 2320 3290 4927 2987 1144 6188 3692 1170 4397 7210 5270 7932 6865 8026 8705 7582 3565 7639 461 946 2816 9994 2484 8570 3686 5573 5536 856 6933 5043 8430 1829 1917 8149 9022 777 4320 6259 4920 5697 7749 7624 799 3792 6526 1110 8808
37 1763 4576 5748 6494 1418 7820 2906 6204 7970 7873 9699 5140 7866 4570 4053 8942 5078 2750 6940 888 3701 9207 89 6473 9058 4886 1837 9015 7803 6185 298 4372 7066 9939 4313 4992 4151 9680 2599 3944 4235 7751 795 6130 960 6877 5408 7451 2429 4272 9413 7472 6114 3980 9963 7053 5471 3337 4296 7497 7264 3797 790 4377 3437 6492 8507 5209 6842 7430 4931 1245 1169 3303 3830 8971 8480 1108 6617 4512 1259 9019 2189 4540 4194 8546 5282 67 5100 6388 5502 875 6733 1779 5784 6579
38 3800 4524 7339 9830 5853 3622 3137 9466 7496 3937 693 4782 902 5346 1242 8129 7023 9584 9645 7705 9063 4757 8540 5921 15 8428 7443 3190 1254 554 6568 1867 4405 3564 6280 3550 8885 9955 6148 134 1513 3528 3331 7335 7238 6056 4480 933 2115 9524 9918 2540 988 8651 4652 4036 1902 6604 7616 722 3874 3767 6860 4461 7219 2134 9748 292 7905 9481 9651 2559 4554 5524 1680 9757 6045 8664 9205 1975 7885 5614 6942 2822 1443 2209 1396 8685 9670 2180 1786 9880 3560 6669 4699 365 4412 3230 4097 2897 4276 5458 2995 9247
39 3149 8022 6549 6352 9074 3836 990 3412 4775 1426 9043 4639 3669 5805 1052 4024 3966 3114 1596 5811 1155 4653 5764 4406 692 3407 4294 1481 6603 2466 7689 8465 5422 4297 6073 9371 8690 9869 5213 46 4183 9358 6190 912 4116 8578 5623 3423 3326 7358 3812 5432 9308 390 3882 6539 2794 2449 9344 7243 8407 9959 3065 1672 6203 7880 5290 1119 1904 919 2598 2795 4546 6297 8661 3513 4123 5578 7421 5271 3104 4985 8028 1657 2642 9417 2245 472 882 685 4478 5462 9840 5498 4376 9072 7342 9903 8899 8198 9997 5474 9443
40 6615 1074 483 5717 5556 2855 7026 8799 4601 5571 1755 38 3724 8733 4659 1332 5757 2408 1780 6533 3202 1626 764 5981 4429 4163 497 9518 1855 8160 4212 4697 8158 8749 6739 2471 9653 7194 8604 527 5173 6355 6417 6220 6023 2289 2968 3087 6967 8298 5049 296 6009 3439 6985 1543 8590 7038 8285 7520 5156 4541 8445 7221 8443 5727 6121 7697 4846 1662 7769 7722 3585 1201 1298 3558 9675 2583 4350 213 6184 4805 6613 3212 7152 8137 1090 5859 5321 5612 3425 5198 7881 545 6455 5667 9714 1549 4267 918 9282 3885 1427 4051 5285
41 2752 5177 4578 5684 8363 9456 1703 8021 6490 6202 1740 8336 656 1616 2875 3663 9668 2898 8107 399 9746 3926 5721 6109 4169 6206 8231 101 2720 6892 970 3515 7201 635 2575 3267 7605 6383 2891 8122 6349 7249 6001 5128 2173 3158 2909 3962 9879 9776 8594 5314 6478 3917 5730 2141 8543 3702 2520 4769 4290 756 4830 3124 5685 7074 8141 1615 4964 236 3172 2187 5598 2667 5850 6244 1354 966 8058 7653 3038 2053 1819 1425 5105 2935 3132 5821 6028 1627 8916 2809 7734 7340 7019 9530 9587 6764
42 4967 942 2065 5460 4646 184 4099 4454 4939 5613 7869 7604 4173 3385 9743 8561 3990 2729 6207 8535 5698 6544 7514 9648 7481 9183 2490 8116 1334 8483 723 7935 5223 1480 5071 6253 343 9602 900 7453 3907 6074 939 9901 9609 9412 9027 2418 9887 2224 6730 8700 7118 6891 3981 8233 9009 2273 4228 3243 6198 2590 2636 3703 224 3967 7852 5621 302 8240 8784 707 6262 3426 3799 7542 2117 7311 600 2964 3555 2373 8340 1882 7351 3048 1275 9791 3098 6896 7575 4148 2375 8482 1804 8643 2246 6833 2344 9697
43 5517 9841 7901 7540 4388 192 7661 9310 9967 4862 3164 8772 8725 7923 2706 4772 7163 1450 5120 9970 2113 2154 1669 7560 5393 673 6684 6990 9706 5016 91 4425 6021 3854 6844 8881 2332 9219 6309 6609 4245 153 951 246 9946 7715 4758 9834 5894 328 1686 8100 5145 7120 5337 1728 2319 5705 2480 8552 9037 5403 3433 5715 565 8839 1244 62 9152 5369 5750 1385 7583 7780 8941 3947 7032 6912 6718 5724 7181 5920 8762 4625 2852 5671 8474 6472 6981 2754 1842 8308 3452 6013 418 5024 2465 1086 2231 9914 5580 2931 370 5292 8708 3328 2186 670 3363 8613 1420 714 9305 4693
44 432 1330 7441 7150 3834 2953 7936 4129 5293 9372 4918 5577 8932 5149 7054 3999 354 4913 9260 2151 2057 1572 703 3322 2087 4108 5982 9331 1714 3397 8000 1302 1499 3053 1280 9160 1210 1266 6122 5734 6413 503 3374 5132 5365 1103 3270 1782 2508 6970 3007 6947 3718 3596 3984 9729 2745 9147 1678 9796 2704 498 892 9422 1856 4555 7716 8701 2866 3642 8007 1017 5154 7428 2384 8803 8805 5891 4932 2198 5053 1050 7618 5125 8277 9102 7834 7155 5277 6852 5190 7367 4609 6233 4055 9669 6911 5923
45 7706 5497 2634 4380 1914 1980 331 2647 5848 3211 8934 6090 1919 9582 4643 5629 7603 6340 9912 9427 4868 6810 1222 9079 5499 188 5966 534 749 8121 9806 6747 9366 7499 8251 4161 5477 2664 99 9029 8641 3295 3198 9969 5895 389 5627 3299 8023 3367 7840 5609 8341 3970 6878 282 3284 2896 3039 1875 2166 3994 599 1518 2488 1591 3143 2367 7993 1661 3131 4523 8306 6082 906 2910 9905 6621 5192 7692 537 6979 6521 7929 6137 1981 6221 2632 5382 1241
46 9972 557 6053 2270 4305 6827 9804 1083 9813 6864 9662 7406 4981 7845 1540 283 3639 535 3307 9612 7960 4897 7059 5983 4528 3069 1092 1233 9821 2892 5511 9197 119 1483 3441 2924 7677 5744 781 490 124 9601 1360 2233 5046 5298 7917 3794 7189 4645 9010 377 7846 9667 9376 4060 3769 9783 1147 7754 8981 6819 6882 3584 8339 191 6787 1165 1608 6401 4291 3709 8850 1588 1394 5253 9036 3045 4978 3430 9577 7442 4726 8403 590 6735 8576 592 659 3524 6381 5678
47 9178 2097 8396 9464 7815 9398 5873 5970 3060 5781 7310 5273 8013 7625 3357 8789 285 2322 8588 8879 5533 2817 1711 1335 9871 6250 3728 801 9543 7884 6145 9627 1964 1188 8875 5092 5349 305 8162 2482 930 2153 604 9528 6788 9989 8728 5139 3028 1476 2814 9489 8439 7857 1562 3405 8629 7642 2548 511 4630 4824 1078 5738 8648 2903 8917 6683 4937 3094 4809 8592 444 1258 3006 8470 2204 7747 2101 8710 1338 8126 3634 3089 6548 4979 2830 6889 5219 3916 6127 429 1049 8079
48 3231 2426 546 2943 4818 5400 3569 5073 7304 395 3305 3499 5986 457 6374 9778 854 8674 9256 4891 2803 9496 4041 6563 40 7024 4837 9881 636 1121 6887 3013 4371 8057 2303 4300 8812 1828 5514 2862 7479 9419 7188 2220 6003 1347 1985 9683 209 1082 1939 8638 827 8490 1536 8132 9393 954 6032 5984 3462 1822 8966 4310 6278 3368 5216 3373 6360 8933 991 4561 607 2089 925 4029 1765 7294 7940 6557 9100 9003 6746 9563 9999 8256 4307 314 921 1199 9231 935 3868 8262 8238 1935
49 6152 8475 9348 7018 2071 2136 7256 5122 9283 842 2588 8593 8199 7817 3883 7569 2276 7402 1592 7305 8290 4651 1696 6300 8364 9625 7394 1314 5309 9604 6596 862 1444 3017 5830 8943 4995 6965 2182 9865 7711 9681 6330 9212 385 7248 6569 2591 8859 9647 2424 5631 7492 3210 5344 9284 5366 638 2827 241 5862 3695 4286 9264 8294 4353 667 2046 5236 6024 2423 6663 8159 2446 2145 4903 690 2612 8626 4883 4574 6029 2986 8502 2889 5199 6972 3698 7835 3804 4395 1022 2401 1325 3042 5810 6893 3673 9340 3046 9389 4685 1336 8094 7046 7331 3166 2142 8717 3232 3723 2502 2313 8210 5251
50 5303 8601 7608 6883 384 7176 4309 7153 1333 8422 822 6880 6271 1324 1947 5995 1436 3823 8883 8204 9917 4485 4973 5819 2715 5443 4644 4611 1216 1781 1393 606 509 5534 5728 4171 9700 9365 3545 5545 5230 1544 2514 6200 724 6171 8596 8724 6050 2267 3155 5774 2185 6821 1458 3840 5489 3647 6897 4860 2377 427 330 7466 1937 48 1293 7695 7613 2010 9986 7956 6695 4441 8518 3086 8222 3408 1056 3119 9235 8265 8386 6623 4739 8734 8031 4723 4720 513
51 3051 9744 6019 841 2243 1788 237 1419 6425 8827 6873 762 9298 1868 3343 8581 479 7948 8751 797 312 2735 9719 7946 106 7085 4039 6901 7824 3096 2777 8687 7505 9276 8985 9090 7908 6646 3742 7719 4033 8761 2063 71 2496 3369 9334 7830 8810 5067 6614 1958 5937 8695 5840 6681 855 8925 3344 4329 9451 7113 4158 4253 2927 8553 9538 3121 7777 1473 1655 2640 6556 3913 8278 7154 4199 5699 5348 3681 5454 9173 2771 9211 3696 7573 7376 3107 1988 4201 321 8771 2724 2330 271 468 8545 6181 1587 1390 4713 2542
52 4871 5065 8414 8083 6832 750 6861 265 428 2077 8953 6625 8608 1323 7872 2450 817 5742 747 9962 1038 2219 2122 7544 772 2317 7910 6334 9850 4925 4808 2838 540 1200 1003 7841 8002 1697 5440 2363 9663 7693 3649 3455 1127 7276 6987 4623 5726 9121 5340 3109 8973 6742 1989 7033 3612 9325 4970 257 9052 3930 2551 9643 4034 1276 4519 4542 8876 1558 2149 3922 9512 4888 2684 7390 3253 3219 4204 1312 9406 7600 5433 2258 8109 5942 9623 9229 1863 7710 7772 4620 9742 6978 3963 4948 811 2665 1034 7927 244 8767 7669
53 3847 7701 232 7477 8135 1109 7414 9354 6929 3757 8491 5193 4214 7645 7160 6578 1274 5713 1342 5222 2999 8722 2670 5437 2915 2946 4591 7112 5075 5642 5902 5320 470 1813 215 9373 3498 9295 1923 4553 5117 9385 6720 1256 1159 7225 9650 2957 9691 2714 8437 7794 1877 9540 2742 4779 5167 7203 7562 287 7998 2857 2275 5411 5508 3180 77 7287 3582 9494 7343 9070 9998 2815 2823 2832 6809 2526 4660 6302 8702 2106 2545 2620 1552 4107 6668 754 1010 9275 3689
54 5089 1182 6323 3898 5383 6793 3620 9343 5987 160 1698 9846 249 5551 2018 8517 7282 9769 5116 8802 7638 7465 5137 4363 3987 8837 2417 4387 7539 4438 5214 6863 4187 3605 7151 3915 5661 1814 8738 4955 3182 6195 5807 6098 6789 4849 6758 5012 601 7682 9137 5257 1573 4134 4806 5791 6261 351 8589 118 2090 6424 7717 2295 5967 8223 4912 7147 3492 2430 4203 9935 1679 7596 5832 2589 376 2937 8459 148 5522 6007 4037 622 1845 4012 8385 4961 3779 1492 8642 171 3472 517 9507 2870 8977 1817 4390 1693 8529 6048 4150
55 8066 9327 745 3655 4722 239 1112 6443 3509 3150 240 6017 4124 9265 1883 6160 6063 5772 440 8712 8906 1145 9258 347 3496 9089 2787 8413 9771 3163 6876 1832 1238 6471 9187 408 1641 4649 2030 325 4766 4767 2452 8468 3317 8164 7356 6677 3185 7591 4025 3540 2681 872 2133 3200 1551 8763 7723 9922 7012 7426 4032 4323 9319 1559 8737 8863 7408 7796 7266 3289 8624 5427 5330 5586 322 5843 452 5733 6509 9430 3112 7265 3674 4488 4028 2961 3113 5055 5159 2360 5430 3595 487 382 3239
56 5421 721 7511 3736 6937 3263 4908 3061 7814 6276 8671 6033 8991 8192 6393 8333 1743 3629 1689 8584 9158 8488 1186 5343 1366 7671 2805 3302 3205 415 8660 5362 2013 7760 294 7104 800 9626 297 2661 1849 1652 782 7093 3427 3821 4009 3998 7744 9320 8811 454 7213 9930 6581 6986 2061 4270 2132 7791 5150 5364 4216 2574 2402 9968 1004 542 4285 7138 7502 7896 410 8110 2893 8015 7818 3293 8218 2793 4539 4145 5345 5936 3896 6734 5355 6263 3308 4189 5174 52 3598 1821 5958 1365 4517 9364 2874 6555 8281 5350
57 6811 6173 8501 9974 9586 2297 579 7272 8967 1795 810 437 7106 2772 412 4529 4368 2719 6351 8550 9873 5729 7766 221 1191 8070 2806 2412 6096 3574 8220 2206 3978 1359 4314 1894 3273 4455 924 8157 2448 7686 8276 2553 5275 9018 5157 6708 3469 6476 5409 1153 8836 8639 1733 8045 6169 3841 9781 6441 4668 9836 3729 3436 1269 332 5380 6159 2022 3078 1453 2635 3490 68 8615 8732 458 5974 2655 7580 7159 2264 7405 7795 1057 7577 9473 7109 8244 156 5081 5475 3972 5548 6512 9270 4259 8556 2055 5404 5002 2331 7589 5215
58 9782 2933 3762 7060 995 9314 8374 5930 1371 7252 4661 8520 6580 3563 6994 931 5490 3364 4916 4113 4792 3531 2617 774 6691 4213 6347 1021 4998 4210 7165 9751 8963 4432 9342 7247 9414 8987 9763 1489 6587 4133 3939 2872 1449 2828 8450 1892 8682 9864 5093 1574 1639 2609 4823 6998 8968 8435 9420 9114 9263 6908 6514 9056 4933 6903 8466 1617 9146 8261 7224 9637 2348 291 5335 2774 9816 9225 8060 3986 1687 8582 9762 9956 5800 1072 3809 7204 2279 309 223 3014 4196 4469 7030 9745 1865 2676 115 7089 9527 9321 455 12
59 9142 1839 3973 2782 5546 4230 4841 6199 3483 3619 3037 2358 746 7359 359 4821 7246 8410 6234 4003 414 3837 6553 6456 5143 2427 6412 6218 5005 336 1888 1511 9078 7041 3741 637 1413 4402 3021 9617 1236 1042 9190 1721 2176 1497 1565 5542 5910 1448 299 3015 6332 7593 8555 824 4801 9598 3750 5011 4997 3833 1602 9068 956 9395 216 5044 4695 8952 9631 1305 4636 303 7771 2436 8388 518 7847 1456 7920 7823 5263 6100 5535 6308 431 3632 1681 4785 1340 6627 5448 4923 1356 3140
60 3588 345 940 2880 4735 8897 5933 3677 3192 7557 9544 3392 2422 3556 6757 5031 8390 2092 1451 9890 1063 3519 4464 8441 1220 4421 8495 1890 9991 8924 9204 4457 7289 3388 3194 4142 2299 2784 5743 3415 5549 6273 5691 9765 9516 8775 4733 4687 2068 9155 6924 8573 6491 6313 3791 6701 5860 4211 9546 4043 6565 5595 7535 3244 7075 2031 1584 1027 369 3712 9268 2769 6635 6732 4803 3953 2207 2643 7071 6252 7610 5272 131 3429 4428 4156 9945 3716 7088 6797 6963 2826 9541 7987 6712
61 6517 3921 6346 9730 7914 7332 3285 1709 4061 2288 3440 5607 2179 5036 6258 2737 2884 346 4710 7436 3315 4382 442 5469 5539 7654 3714 1640 8527 6102 3895 8736 6856 1909 8311 4736 1535 4096 8152 1847 5567 3875 6785 5997 926 1979 6858 391 5241 5047 2040 6571 1158 4068 1553 2983 4910 5594 6815 1771 1197 8617 8679 7079 578 5429 7900 8288 7609 2881 7215 4260 9134 9006 7513 85 591 979 3887 5463 4178 6655 3609 5507 976 2536 7962 4764 6537 6995 4987 9061 7288 7959 9511 7732 631 2023 9202
62 9441 438 767 3095 2657 9787 7021 5141 2979 2274 7124 5846 5041 3489 3339 3300 4522 254 642 5968 2767 3516 994 2934 9861 5399 2240 6371 6888 2116 6487 4256 5377 82 8909 6803 4475 2432 3578 280 3954 4439 8776 5187 4799 7930 9191 876 3 5083 1212 727 108 1757 6843 7813 8457 2225 8500 1322 3110 9221 6954 4054 6673 2441 9831 3914 932 2306 3955 1388 3810 9145 6485 7455 8226 6818 2259 2036 1405 4409 1597 5816 7950 4398 9624 8274 3318 4675 301 974 9523 5481 2730 1517
63 8063 4281 1080 2602 6796 9688 476 1399 5473 2104 4626 8506 8778 1990 2996 5299 9505 5434 8583 6643 582 5626 8011 3358 5019 6377 6018 4175 5390 4826 2110 6236 7303 7144 2391 2726 7307 8180 7792 3453 737 3111 8640 4333 7811 1700 5419 2800 1926 5127 5171 567 3865 7798 7507 4777 8948 4943 4361 2645 26 6719 9435 5459 2949 1785 621 7916 9259 8345 4359 1880 9552 1878 2312 2343 8792 2060 7925 6283 7518 1569 9558 4556 1622 9720 2397 6083 4225 9463 3623
64 4000 6685 9245 8178 3688 7782 1434 6275 2783 3974 6118 3754 880 6069 9641 6022 9985 614 5342 8888 6724 8056 1648 969 7076 1745 8902 1416 7423 2038 4031 4030 6379 3081 8597 6659 1537 4719 7280 9053 5883 2534 4786 227 6728 3428 9929 7418 326 2474 2668 1486 5124 371 8196 8293 595 5639 6915 8796 4856 8699 7826 8847 8315 5308 157 3481 6072 6392 3964 6128 1375 4505 3126 6930 6536 4602 6769 585 4525 894 8607 8115 3909 805 6960 7551 5877 2562 789 3016 1014 139 3685 7025 2444 3626 9210 9055 5917 711 8062 7050
65 5798 5392 4907 3134 3813 2607 6584 7229 5456 9713 9227 9130 7554 7663 7550 5425 5566 9506 4790 2941 482 3586 4383 7704 914 6824 8565 5087 1207 25 7027 2733 3218 8537 4867 5696 1749 8151 1796 7810 7422 9619 8038 375 8426 6975 8504 3751 9877 4209 9659 2287 2093 7523 6713 5258 8168 5690 5099 549 3168 16 4789 9911 6636 8606 6126 6902 5825 5037 3611 4490 8668 7683 7762 7555 8181 7750 820 3184 5291 9031 5996 8163 6784 5632 7431 4386 2009 1221 7090 3938 8075 581 7476 1566 7298 1487 383 6884 1830 9118 8838
66 4573 1247 7099 3749 9567 5565 3881 195 4657 680 7312 9931 2048 3157 8745 3179 5313 3567 1433 5570 3744 8972 2950 6830 4742 959 1515 1454 773 1526 2981 2084 2156 6731 7545 7836 6457 4450 6099 3144 2947 8524 9115 8567 884 9149 7967 975 4718 2778 7240 2464 2184 5336 5563 713 5160 4579 6217 9797 3783 2372 2247 9732 6434 8773 7000 9368 7004 3451 3170 8338 6086 8844 5496 4905 5414 5217 3838 5611 770 2300 4152 8486 9487 6926 6423 7781 3250 1040 55 6867 1992 5538 6653 1403 615 9611 2707 5042 4499
67 2507 787 5712 1972 3912 8367 3056 6299 381 8731 3148 4021 7975 4092 9497 2416 8485 2969 434 3127 8656 5106 1921 4876 9196 6286 173 6518 2250 116 33 6047 9810 4688 8549 5057 1905 2747 7209 6886 9399 4408 4731 9065 560 7345 7739 6951 9362 8683 9556 5828 4567 2437 7158 8286 4149 2916 7644 2686 8183 1682 1962 2356 9779 4250 2280 9148 4686 5186 514 3666 2616 3402 6751 9392 4319 1604 4362 9484 7427 9949 2266 1156 6778 6187 2510 9671 4549 2532 3911 679 69 9525 9896 3592 5562 9108 4836 1857 1685 8383 5625 9361 3186 3066 4672 3228
68 1994 3413 7121 7509 1139 6215 7379 1656 5732 2164 1000 1087 4773 1960 3880 2846 7741 7347 7787 8563 3117 8371 3036 2073 6826 9736 2731 7096 4186 2019 9702 9521 4691 1965 1400 742 7435 5420 6361 7622 6078 3734 2049 3601 6373 165 6955 5070 9241 6874 5692 3479 4065 8990 864 1124 3291 3820 3778 1414 4960 98 874 4483 8877 6710 1769 7636 1174 4500 1956 210 96 1869 8370 6006 3417 3811 4292 2519 748 7774 5446 4835 9474 353 7804 6228 9123 3410 6451 6845 2026 5131 1629 7145 250 9704 59 1363 6036 4112
69 8266 9948 4589 9051 1816 3376 9852 2597 9177 6850 3552 1116 608 6525 8368 5590 7336 6269 187 9402 9312 1067 4800 5479 4215 7434 4349 1059 1576 4486 5941 4583 1091 5844 3739 4115 2232 8088 231 8534 6466 6119 8253 9805 1701 4708 5118 8319 5603 318 8369 7198 571 1286 9311 1891 5868 2139 2818 8456 6225 4479 8068 9615 7584 1886 5318 5501 5307 4641 8515 5242 5363 5323 1928 6105 785 8768 9124 4400 7127 6409 5101 6813 605 4229 1477 5220 8807 5876 9218 6593 6950
70 6087 5893 5946 9857 1224 9936 1303 64 8965 2175 401 1953 5576 9509 626 8677 4274 8346 3435 7101 8547 6479 6770 5836 9975 6289 1730 9082 4232 2888 6671 821 208 8841 5058 9908 6470 2978 1676 512 3321 2404 2307 3956 7301 8053 5654 5061 696 4612 8395 247 4236 1718 3076 654 206 8433 964 4416 4513 7566 2644 8755 7397 9439 3910 3522 4749 7283 4180 203 8766 5468 2611 6772 9636 4980 8828 5527 4544 3951 5794 891 8004 5178 8191 6692 2325
71 792 4707 1506 6989 2878 4848 5885 2005 2455 4617 7597 5560 2211 4881 7500 7579 8170 8378 9057 1437 9286 8741 6219 3018 9620 793 9761 3851 4135 7822 3835 611 3763 1095 1774 6527 3178 2710 9306 2411 8627 306 663 2912 3897 7277 4278 9597 1717 689 2338 5096 6153 1031 1206 2638 8652 639 6115 7861 9437 775 3139 9703 8429 8035 9084 2810 3992 3858 9768 1708 8209 2770 1896 2226 4632 6125 7897 3366 4385 5633 4066 2425 5183 2492 5644 4605 9333 7226 3249 1270 9407 6058 41 4593 9570 705 8273 6110 7690
72 1601 648 5837 4100 6398 7756 8777 6255 4842 768 2390 547 8598 4446 5416 9947 8112 6948 2237 661 4663 1361 4456 9888 1417 2205 1130 4813 677 9845 9166 1949 5888 8843 564 2310 7285 4330 6103 9904 7365 5328 6997 8937 8452 5694 8069 2157 2836 5988 6910 9564 4048 3570 6674 6647 9961 3460 3753 5723 8894 1999 6068 552 830 2012 181 7110 2382 6913 1872 7388 3731 8872 3356 3278 4460 8609 9397 2886 9708 2433 8411 1731 7086 388 3905 4007 7903 1205 5932 5144 8029 5765 8384 2877 6051 7384 3351 618 7222 917 4288 5584 5009 6484 8654 8416 1806 1475 1321 6532 1151 2518
73 1504 7324 6016 1735 4548 4839 8595 7883 220 4866 9378 357 9096 657 4678 6909 6628 4882 3573 8098 9696 8823 2740 2255 8539 4562 9091 1754 1075 3070 4551 650 5746 993 1281 6519 7489 8097 8187 1950 1077 9613 6180 8508 8730 3201 674 5541 4172 6597 8052 1219 3547 2216 8324 9923 1581 3715 4364 8632 9492 83 374 9357 7494 5203 2196 9083 1282 1670 1767 3991 3662 2974 4984 9349 8955 9777 9580 6943 1818 7530 9062 7108 4683 3059 28 4011 7119 717 50 421 8347 9189 8136 8049 2727
74 7045 4038 5202 8317 8358 4770 7167 9107 9987 1645 5719 7360 4935 2516 9209 3477 2500 1043 1431 7081 5812 4684 5072 5770 5964 1114 47 7863 4761 5537 1307 6836 2956 8780 9750 1468 2434 6799 6605 1852 4072 6497 4965 2831 2152 6422 9081 739 7646 7035 6356 3640 9169 228 7115 2191 4131 8382 234 5391 706 8175 1288 2355 8379 2940 3504 6667 2302 1141 9677 5069 9338 5953 6329 8657 2163 3968 7373 5239 8849 8921 5914 8602 7116 4316 1523 5206 6502 5338 8809 7548 2623 3670 4448 6163
75 2351 1097 405 890 9104 9980 5809 3869 1412 9095 927 4324 2491 8866 4889 4298 7773 3543 2556 8860 2944 6339 9356 5767 105 9514 5557 9243 3617 9740 9934 7235 7008 4535 1528 1025 1636 8911 9080 1805 2678 741 1632 7452 8111 5747 5492 9093 1213 8033 3213 7763 7488 9458 2671 6186 7368 8156 6495 2160 7495 9920 2631 3421 3923 8257 9045 6154 2177 5329 207 4667 9958 6854 3071 6914 4968 9576 3442 4676 4074 2813 356 1341 3266 1423 9303 4355 522 6146 630 4357 6112 316 857 5870 7561 3314
76 7100 5451 5505 752 5796 6320 2797 3831 1738 9772 7633 2201 2431 3401 4875 7084 1065 8922 1776 5553 1929 3384 4893 9355 4990 6445 5670 3924 2485 836 4328 6010 5086 9238 5196 6651 8203 4404 691 8786 4227 2406 4714 4379 5640 3215 2593 5600 1117 6743 575 7268 4930 8616 9630 9048 3264 839 5710 84 9008 9105 7944 7206 2744 9125 3761 6089 2181 5188 3471 4599 2407 8748 3025 6875 9591 8662 7424 710 2718 1508 8406 7965 1255 6285 3029 4125 4192
77 7233 5509 7859 104 7995 5686 2679 147 4654 1310 1429 1320 7072 4511 2003 3579 7519 1712 3554 2596 6895 4137 1851 5485 9171 4049 508 2254 1187 2192 9952 2459 2168 9396 7941 4001 2994 9600 7921 7727 2802 840 6871 8423 436 8316 2764 6062 5077 1142 8408 9766 704 5826 2725 7650 1367 6632 9193 6124 6402 5969 2283 9832 4586 4389 9824 6439 7463 5296 593 3120 4476 499 587 9996 8131 9562 4518 8064 8655 5306 3997 5646 6688 6043 2913 2938 1983 4938 7261 7490 6290 380 1079 6919 4247 1292 6020 5356 1783 1912
78 798 4565 1946 4016 2658 8568 6969 7629 1033 1770 4331 174 9486 7255 5782 6170 7631 3832 652 3049 5668 7409 910 594 8272 6648 9655 2563 7531 5134 8903 7391 9560 2839 7377 5210 9741 9457 5480 2024 211 6031 3381 6000 859 3026 3507 3604 5574 7062 955 8905 3133 5909 3678 6384 1583 3780 825 8436 9421 5829 7208 110 7065 5741 8845 5194 2172 4306 1864 5778 2557 1296 1550 1353 3726 9272 4741 7105 9863 8252 5297 5305 6857 4887 5766 8130 1432 1235 5532 6773 9728 5000 2505 8612 3884 2308 2001 1410 1911 7052 6391 2648 4681 9485 4338 7628 7623 3534 2871 3247
79 7237 4452 7458 6294 3733 6934 2633 1787 6274 8530 9028 7864 3876 2918 5676 3386 9296 7381 5385 8046 6076 5476 2566 2911 4411 8225 7634 2853 219 9111 90 7947 658 2501 9291 1411 4577 8554 8250 9038 1378 9943 5869 1977 8670 4689 9248 6049 78 275 3958 4071 3203 6404 5722 4737 5195 5589 5874 358 5398 1227 8572 1316 6241 6717 7111 904 4105 8242 2473 6486 4022 3058 958 7853 7069 1053 4993 126 8006 7207 2564 1382 9491 858 1304 8956 8562 1099 8010 2691 4287 7733 4975 5763 6157 4184 7758 9369 7752 448 4042 2971 3019 4462 2736 8044 8907 5622 1177
80 1577 122 8975 4610 8936 9843 3075 8279 8861 5091 4447 6693 851 816 1495 1352 9953 8207 3843 6284 4926 6866 4495 4301 1873 1967 3706 7877 5961 3827 9815 4279 2242 8425 1344 6498 3297 8754 178 2603 4788 7601 9206 9826 2842 7789 3347 922 7765 4467 5039 8337 5148 1465 5235 4304 6923 2461 133 2170 9448 718 972 2524 9605 9367 5972 5376 2078 6928 9450 6189 5413 5018 4436 3853 4532 6246 2528 3072 6661 6675 9876 8676 9 465 6791 7991 1833 9401 1350 7736 8782 2293 1638
81 8720 943 9752 3658 6277 9533 310 5354 823 5245 1462 2841 8349 1132 8618 8793 8405 2926 8139 3214 5711 8039 6493 4747 8882 9755 1381 2148 4906 8065 6489 9326 662 7352 3806 3867 6591 5606 681 9928 8746 2079 6104 719 4793 6670 7058 3520 9844 6298 6407 2467 3497 1439 8726 8920 5913 7092 3406 9119 1722 4341 5326 1922 2959 529 6242 623 9685 5289 2858 5062 406 2573 997 3901 7592 9664 2066 4560 3378 6251 5266 2114 8404 9859 9176 2478 8650 1318 3879 333 266 883 3444 9686 8560 1665 7014 4650 885 6598 1870 8765 5494 3333 1827 3971 5453 7028 9693
82 2337 6755 9180 597 6093 2213 3080 2789 4819 9502 7174 9220 7474 3517 5115 362 1048 1727 2309 8521 3283 7454 9226 3309 8089 5175 3235 1166 9532 5555 6900 7322 5673 2951 2481 8215 5915 7952 9590 2218 4843 769 9606 7666 8830 2415 9690 5714 9885 419 4165 7269 6763 3077 2980 4648 9498 1810 8694 9352 4010 9151 6825 2751 4627 9453 2469 2965 3708 1472 485 4268 9557 504 7512 3438 9854 1609 8090 8381 506 9536 5636 3952 6461 2639 5857 1285 274 8611 596 4619 3949 2197
83 4894 9442 9756 3354 1820 6849 8983 4424 8030 4834 8312 1915 751 2982 7918 3500 4393 998 1455 1261 6984 6522 5119 944 7637 8577 526 7801 589 9754 6650 7438 7244 6232 3128 8815 6501 4755 5725 9164 6060 1404 5543 9423 9101 3766 5170 9186 5444 8499 6588 2029 9363 4901 5515 5903 2477 7302 4198 5255 4091 5288 3251 826 3651 1614 1808 4872 2992 1801 3721 2123 2174 2347 3996 4271 488 6427 8723 5838 8795 9942 5833 4899 3153 728 1397 496 7459 6101 9408 387 2948 7182 127 1853 6777
84 9208 7281 2208 7931 2014 4347 7063 5658 4765 5735 233 6907 1510 3935 8009 2262 9246 6178 8857 1927 7553 5971 3934 1509 2479 3581 3484 5327 7482 886 2228 2917 2820 6348 6639 1798 8103 4594 9250 520 3532 5702 852 2389 740 5760 9640 7700 968 4945 3975 5651 1189 8659 9823 8477 2560 2253 1380 2544 695 6418 2538 1635 9855 8684 3890 1826 6397 9909 315 8269 2475 5973 6264 3562 9471 553 8992 4179 8350 1611 4631 4093 3856 6272 3395 2316 3965 7371 4369 340
85 70 3240 6542 6657 7832 2693 617 7197 5756 7599 2515 4164 7015 9067 1016 4896 5769 905 1522 4238 1231 8431 9304 7933 8027 8415 2699 2108 1605 1370 7578 5250 992 6574 9112 2094 8740 980 4569 9727 2161 1579 4780 556 2399 3041 1658 4810 688 1051 205 1369 2921 6503 8473 4730 5525 6592 5410 9153 9848 845 9632 4895 5110 3255 1887 6812 7403 5977 8538 8455 6288 8258 4768 5649 4944 2865 6426 8270 5333 726 4606 3044 6586 5325 6704 7533 5491 8840 7001 4046 8380 424 4864 5849 9077 699 2410
86 1249 6372 4665 8448 3501 8599 6562 7094 2043 8833 1123 7040 5447 9133 7267 7461 7170 3775 4940 6538 4616 7134 8104 3323 4584 5554 2759 3660 5406 4392 5990 5332 2495 7571 9802 5657 9537 2350 4581 7410 7022 4015 2756 6151 1348 9981 8332 378 2221 8041 1794 8503 9279 5361 5943 8271 8698 9086 3224 6716 1284 8268 7595 9829 7838 4734 2970 1612 9040 5063 1409 5095 7707 3590 3488 8144 2804 4550 9827 3894 7971 5351 4090 3993 7257 3793 784 837 779 6664 319 7674 3259 6953 9572 2701
87 6405 3919 8680 8915 350 6752 6736 135 8962 426 838 1966 3092 3280 3668 1289 7926 6328 8947 7660 252 6460 4811 8509 4373 396 7767 977 999 238 7241 1421 8119 1398 137 5181 9847 2669 6745 5872 6369 7630 4321 829 2159 433 574 8528 962 6750 1438 9184 163 8359 9232 7486 9581 3276 7985 2217 3866 7164 4069 8887 2291 2690 7346 4130 7234 5244 9803 5758 4269 9216 9548 7776 5854 9249 190 9322 9288 7797 1100 5247 1094 2646 7981 2790 6905 212 4655 8806 1491
88 2901 9381 2785 7103 226 409 9135 8008 65 2587 1011 7467 7871 445 833 3161 7516 3594 5709 3672 6583 9299 5212 5503 8852 7703 474 6208 4365 9021 5529 5665 3434 8575 6065 1582 2067 928 4226 9179 158 6075 3063 3486 1664 88 5645 7585 1694 6816 2047 1564 2146 7190 6382 7216 4852 6034 687 7446 4468 2072 6690 18 9676 5017 167 6612 9370 2278 8282 8919 6765 5783 1514 9565 8960 4035 4504 533 7034 730 9097 9294 7149 2027 6662 555 3849 9455 3786 1941 2335 5881 6081 6475 7657 5675 1001 1963 2419 7983 9175 4515
89 4563 3735 9328 2523 9992 1349 2125 8284 5754 4344 1143 2511 3093 6084 4144 5890 2779 4607 1239 7350 2807 9403 4640 7938 566 7856 7953 9117 6721 1974 9504 4804 2476 10 3691 6014 4348 4251 4128 7620 1590 2659 1301 3693 8834 8931 4743 863 3002 2499 3544 9461 4147 8997 9773 5085 6831 7419 338 5435 6599 2394 4911 3189 9452 5669 5317 4972 1713 4592 8476 5839 8910 7297 2 1942 4831 2697 2421 3004 700 2604 7919 8774 3755 3448 7612 2930 5831 2579 7140 7401 1469 2443 9718 6389
90 9163 5284 8873 4502 2400 627 3687 7290 3380 8896 9725 5634 8447 1599 9634 5780 7429 3258 9168 7506 1631 4929 7687 7475 1173 4928 9064 2549 2743 4295 7250 6430 9438 3327 9856 4698 2531 7142 1710 9470 5610 469 9878 5513 1138 9075 8287 248 5761 9039 2144 1586 7448 9812 2210 3665 2483 3760 1593 8365 9547 879 7977 7990 6808 5080 9957 6566 9185 2290 7887 7493 9109 3871 8402 8161 8798 5597 5905 4159 5030 293 3872 6640 335 6245 5260 2081 6666 3514 5205 3654 1106 4853 3375 7709 2323 4293 8155 4900 760
91 1111 2294 324 6962 6477 6364 4064 1542 72 6265 8446 1171 5955 1493 3694 4482 2284 9475 2200 3012 1654 897 6135 8302 2158 3151 2314 568 2993 235 9979 2600 7353 757 2462 6576 4977 6044 7470 9200 668 2244 5396 8564 6117 2571 4143 4083 7432 2202 4566 5163 9103 8073 6694 6375 170 9995 9973 9382 6481 5102 4423 8691 6327 9170 5079 3548 5755 6885 8658 8829 9120 2028 7122 7607 8001 3900 1339 8825 602 2454 4690 907 8787 3074 5619 1061 3023 3969 9682 6333 5799 86 1952 6802 1163 7417 6432 8205 8472 2365 8869 7893 6317 7107 8945 6545 9500 2420 9875 1387 4919 6958 2016 8912 735
92 7698 8179 8123 1527 2296 6433 8146 7317 225 2096 544 5006 9023 4558 1501 996 5749 2713 8393 5483 6654 481 6982 6026 7879 3085 4249 8323 6550 9853 4354 1541 8078 9977 3450 3159 8494 794 1976 2370 6482 3798 3995 8551 5059 5302 1519 7894 6342 709 144 4870 4673 8653 712 7761 8352 9788 1046 2698 5653 1959 8232 1295 1098 1392 6711 7420 5926 3365 3031 7231 6837 1690 4174 628 1613 2263 8665 5949 2409 6080 5880 7259 9820 6140 5155 8976 2155 9444 6543 5558 5384 4827 7320 4168 9610 1881 6376 6008
93 2329 6922 3624 2654 9638 1993 1023 9724 2627 7013 8080 8759 4240 7829 580 3165 2673 887 5418 2342 3891 8331 6952 6585 8801 4166 8889 551 8713 1030 5415 4057 6551 634 2768 7036 9545 7659 3003 5040 9965 572 1951 4962 8357 1068 3292 6229 5441 4774 3257 6652 2318 3083 7614 9644 6249 4472 2629 6703 1756 9242 4530 262 2035 8818 5520 284 7260 1547 5184 456 5381 2541 2952 9059 4564 4855 6037 5596 1134 5790 7228 6440 8193 4854 295 8637 6959 9323 6762 7679 981 6709 5254 9588 5753 7263 1747 100 267 4951
94 4077 8542 3207 4089 3102 4242 5703 6964 9976 7986 7902 4604 3946 4340 8434 8016 2487 7702 5180 7185 1020 14 8145 6399 6005 860 8961 7214 3979 6343 1748 9138 7007 7712 8813 5103 3527 6723 813 708 1193 7480 8870 8076 3808 459 8042 3511 2723 4453 8018 5593 7980 8571 6899 6705 8478 3599 1198 7462 3719 5957 3593 559 6786 5801 2033 2821 1415 7437 7728 2015 3000 7399 9436 3920 4656 3627 7173 6446 5334 6319 8195 5240 8190 8387 3631 2843 4224 4815 7619 1906 56 102 5989 8353 9141 4534 31 6281 1088 8574 6715 6851 9215 7587 4217 5402 1362 5176 3878 9837
95 8727 1452 155 6296 2610 9838 9030 6996 1364 4628 3245 4603 9162 2070 1208 9916 2641 9822 7655 4487 5824 6167 6458 3535 1702 538 5804 8714 1675 3456 3068 3790 143 4674 7515 4954 7720 6216 3852 2045 5985 6091 4704 1406 1600 5912 9695 3478 7649 9410 8440 9721 5841 9978 3705 6224 6321 8291 4670 8453 9520 5375 3602 6442 8493 54 9313 4273 1858 9182 7157 6554 2286 4847 4420 2037 8890 8496 3525 3234 2361 3034 7565 3577 7889 4258 9380 2682 2561 759 7383 2458 3443 3246 4085 4027 87 4618 2656 4153 1391 1521 1494
96 5026 4832 2147 2378 5579 6840 8487 5189 2894 2683 4332 4422 9733 7017 6435 7828 6567 9661 2677 2059 6524 898 5845 649 8263 1401 5572 8438 6040 9629 7790 5268 8760 364 5020 9375 2460 7842 2119 373 7447 4721 4814 2680 7005 6035 9317 3788 4079 9705 5248 5021 3372 3105 6015 1272 3988 835 7133 8200 9060 2755 5374 4263 1209 9033 2867 5583 563 1668 5455 5168 3399 2763 7549 1834 7169 5161 281 2709 4879 3424 3730 4337 9017 9793 8334 6314 7572 7855 7020 7361 8913 9583 5666 5851 576
97 7291 43 2856 3960 3789 8320 5436 2203 7538 8993 4572 1957 5952 2439 1663 9937 1015 2470 3936 5682 9174 355 6088 7827 3690 2298 4662 9660 8108 865 2605 9749 8779 6113 8635 8289 2773 7928 1623 7129 6144 5965 646 1135 516 4299 3539 1502 3817 2653 4787 5528 9665 4111 1291 4246 4880 6209 4463 6039 4754 7718 8900 3298 7681 983 2963 9656 5519 2537 7068 4264 6980 7177 1379 8077 7784 8172 9297 629 4738 6890 3301 5426 5035 7943 5185 9404 1644 4922 7286 588 1561 2272 9071 1642 460 9073 7891 3859 7011 4508 4155 4701 5084 7503
98 4014 8197 3541 2082 6030 8940 1185 125 416 9424 500 7843 3090 4917 819 4311 1498 669 1854 4223 6260 5581 6939 7372 8245 5179 1105 8283 1978 7576 2649 1850 9513 4081 5234 3682 4356 878 3700 7483 2685 9087 9054 4013 5940 253 1126 7330 6166 2199 3945 1719 8800 1825 6368 5107 4816 6077 2776 3097 477 9595 5582 6358 6002 6344 7411 8711 2503 8150 4366 7664 6095 2757 3242 9440 8376 519 2392 2004 154 8752 9140 200 7300 3129 7009 4394 9467 7779 9113 3777 3195 2121 8631 5367
99 5300 2584 9418 8087 230 4280 8417 9657 1157 2321 5359 3526 3470 9383 1503 9960 1252 7848 1931 4098 2234 9449 1204 5341 5452 5687 1516 5624 9622 4869 9666 407 3394 583 6500 8758 4587 5945 3020 4005 3529 7469 6946 7146 1035 2126 3899 671 5023 2265 736 1918 8295 8785 320 6624 4851 911 123 4491 6855 9222 4857 8600 4497 802 6011 5617 6602 7951 6496 4257 4840 3461 6416 9529 6235 8409 2696 3171 1534 7588 8707 5752 9192 1802 5151 6936 6448 3099 9649 4988 6150 9499 2095 5249 1525 3495 1471 8169 8946 8526 1461 3458 8871 4122 6927
